Accuracy: 0.8483
Macro Precision: 0.8592
Macro Recall: 0.8421
Macro F1-score: 0.8400

              precision    recall  f1-score   support

           0     0.5556    0.7143    0.6250         7
           1     1.0000    0.8333    0.9091         6
           2     1.0000    0.5000    0.6667         6
           3     1.0000    1.0000    1.0000         7
           4     1.0000    1.0000    1.0000         8
           5     1.0000    0.8750    0.9333         8
           6     1.0000    0.6667    0.8000         6
           7     1.0000    1.0000    1.0000         8
           8     1.0000    0.8571    0.9231         7
           9     1.0000    1.0000    1.0000         6
          10     0.8571    1.0000    0.9231         6
          11     0.5714    0.6667    0.6154         6
          12     0.8571    0.7500    0.8000         8
          13     1.0000    0.8750    0.9333         8
          14     1.0000    0.7500    0.8571         8
          15     0.8750    0.8750    0.8750         8
          16     0.8571    1.0000    0.9231         6
          17     1.0000    0.6250    0.7692         8
          18     0.8750    1.0000    0.9333         7
          19     0.8889    1.0000    0.9412         8
          20     1.0000    1.0000    1.0000         7
          21     0.7143    0.8333    0.7692         6
          22     0.7000    0.8750    0.7778         8
          23     0.8000    1.0000    0.8889         8
          24     0.6250    0.8333    0.7143         6
          25     0.6667    0.6667    0.6667         6
          26     0.8750    0.8750    0.8750         8
          27     0.5000    0.3333    0.4000         6
          28     0.8571    0.8571    0.8571         7
          29     0.7000    1.0000    0.8235         7

    accuracy                         0.8483       211
   macro avg     0.8592    0.8421    0.8400       211
weighted avg     0.8656    0.8483    0.8468       211
