Accuracy: 0.8483
Macro Precision: 0.8562
Macro Recall: 0.8427
Macro F1-score: 0.8394

              precision    recall  f1-score   support

           0     0.7500    0.8571    0.8000         7
           1     1.0000    0.8333    0.9091         6
           2     1.0000    0.6667    0.8000         6
           3     1.0000    0.8571    0.9231         7
           4     1.0000    1.0000    1.0000         8
           5     0.8571    0.7500    0.8000         8
           6     0.7143    0.8333    0.7692         6
           7     0.8889    1.0000    0.9412         8
           8     1.0000    0.8571    0.9231         7
           9     0.8571    1.0000    0.9231         6
          10     0.8571    1.0000    0.9231         6
          11     0.4444    0.6667    0.5333         6
          12     1.0000    0.6250    0.7692         8
          13     1.0000    0.8750    0.9333         8
          14     0.8750    0.8750    0.8750         8
          15     0.6667    0.7500    0.7059         8
          16     1.0000    1.0000    1.0000         6
          17     1.0000    0.8750    0.9333         8
          18     0.7000    1.0000    0.8235         7
          19     0.8889    1.0000    0.9412         8
          20     0.8750    1.0000    0.9333         7
          21     0.8333    0.8333    0.8333         6
          22     0.6364    0.8750    0.7368         8
          23     1.0000    0.8750    0.9333         8
          24     0.6667    0.6667    0.6667         6
          25     0.8000    0.6667    0.7273         6
          26     0.8750    0.8750    0.8750         8
          27     0.5000    0.1667    0.2500         6
          28     1.0000    1.0000    1.0000         7
          29     1.0000    1.0000    1.0000         7

    accuracy                         0.8483       211
   macro avg     0.8562    0.8427    0.8394       211
weighted avg     0.8617    0.8483    0.8454       211
