Accuracy: 0.9147
Macro Precision: 0.9273
Macro Recall: 0.9115
Macro F1-score: 0.9093

              precision    recall  f1-score   support

           0     1.0000    0.7143    0.8333         7
           1     0.8571    1.0000    0.9231         6
           2     0.8571    1.0000    0.9231         6
           3     1.0000    1.0000    1.0000         7
           4     1.0000    0.8750    0.9333         8
           5     1.0000    1.0000    1.0000         8
           6     0.7500    1.0000    0.8571         6
           7     0.8889    1.0000    0.9412         8
           8     1.0000    1.0000    1.0000         7
           9     0.8571    1.0000    0.9231         6
          10     1.0000    1.0000    1.0000         6
          11     1.0000    0.6667    0.8000         6
          12     0.7000    0.8750    0.7778         8
          13     1.0000    1.0000    1.0000         8
          14     1.0000    0.8750    0.9333         8
          15     1.0000    0.8750    0.9333         8
          16     1.0000    1.0000    1.0000         6
          17     1.0000    0.8750    0.9333         8
          18     0.8750    1.0000    0.9333         7
          19     1.0000    1.0000    1.0000         8
          20     1.0000    1.0000    1.0000         7
          21     0.8333    0.8333    0.8333         6
          22     1.0000    0.8750    0.9333         8
          23     0.8000    1.0000    0.8889         8
          24     1.0000    0.5000    0.6667         6
          25     0.8000    0.6667    0.7273         6
          26     1.0000    1.0000    1.0000         8
          27     0.6000    1.0000    0.7500         6
          28     1.0000    0.7143    0.8333         7
          29     1.0000    1.0000    1.0000         7

    accuracy                         0.9147       211
   macro avg     0.9273    0.9115    0.9093       211
weighted avg     0.9316    0.9147    0.9138       211
