Accuracy: 0.8957
Macro Precision: 0.9120
Macro Recall: 0.8937
Macro F1-score: 0.8935

              precision    recall  f1-score   support

           0     0.6667    0.8571    0.7500         7
           1     1.0000    1.0000    1.0000         6
           2     1.0000    0.6667    0.8000         6
           3     1.0000    1.0000    1.0000         7
           4     1.0000    1.0000    1.0000         8
           5     1.0000    0.8750    0.9333         8
           6     0.7500    1.0000    0.8571         6
           7     1.0000    1.0000    1.0000         8
           8     0.8750    1.0000    0.9333         7
           9     1.0000    1.0000    1.0000         6
          10     0.6667    1.0000    0.8000         6
          11     0.7500    1.0000    0.8571         6
          12     0.8889    1.0000    0.9412         8
          13     0.8750    0.8750    0.8750         8
          14     0.8750    0.8750    0.8750         8
          15     0.8750    0.8750    0.8750         8
          16     1.0000    1.0000    1.0000         6
          17     0.7000    0.8750    0.7778         8
          18     1.0000    1.0000    1.0000         7
          19     1.0000    0.8750    0.9333         8
          20     1.0000    1.0000    1.0000         7
          21     1.0000    0.8333    0.9091         6
          22     0.8750    0.8750    0.8750         8
          23     0.8750    0.8750    0.8750         8
          24     0.8000    0.6667    0.7273         6
          25     1.0000    0.8333    0.9091         6
          26     0.8889    1.0000    0.9412         8
          27     1.0000    0.6667    0.8000         6
          28     1.0000    0.7143    0.8333         7
          29     1.0000    0.5714    0.7273         7

    accuracy                         0.8957       211
   macro avg     0.9120    0.8937    0.8935       211
weighted avg     0.9119    0.8957    0.8952       211
