Accuracy: 0.8531
Macro Precision: 0.8763
Macro Recall: 0.8542
Macro F1-score: 0.8494

              precision    recall  f1-score   support

           0     1.0000    0.8571    0.9231         7
           1     1.0000    1.0000    1.0000         6
           2     0.6250    0.8333    0.7143         6
           3     1.0000    0.8571    0.9231         7
           4     1.0000    1.0000    1.0000         8
           5     0.7500    0.7500    0.7500         8
           6     1.0000    0.8333    0.9091         6
           7     1.0000    1.0000    1.0000         8
           8     0.7000    1.0000    0.8235         7
           9     0.5455    1.0000    0.7059         6
          10     1.0000    1.0000    1.0000         6
          11     0.7143    0.8333    0.7692         6
          12     0.8571    0.7500    0.8000         8
          13     1.0000    0.6250    0.7692         8
          14     1.0000    0.8750    0.9333         8
          15     0.8571    0.7500    0.8000         8
          16     0.6667    1.0000    0.8000         6
          17     0.7273    1.0000    0.8421         8
          18     0.7500    0.8571    0.8000         7
          19     1.0000    1.0000    1.0000         8
          20     0.8750    1.0000    0.9333         7
          21     1.0000    0.6667    0.8000         6
          22     0.8889    1.0000    0.9412         8
          23     1.0000    1.0000    1.0000         8
          24     0.8333    0.8333    0.8333         6
          25     0.6667    0.6667    0.6667         6
          26     1.0000    0.3750    0.5455         8
          27     0.8333    0.8333    0.8333         6
          28     1.0000    0.7143    0.8333         7
          29     1.0000    0.7143    0.8333         7

    accuracy                         0.8531       211
   macro avg     0.8763    0.8542    0.8494       211
weighted avg     0.8826    0.8531    0.8518       211
