Accuracy: 0.8673
Macro Precision: 0.8867
Macro Recall: 0.8637
Macro F1-score: 0.8612

              precision    recall  f1-score   support

           0     0.7143    0.7143    0.7143         7
           1     1.0000    1.0000    1.0000         6
           2     1.0000    0.6667    0.8000         6
           3     1.0000    1.0000    1.0000         7
           4     1.0000    1.0000    1.0000         8
           5     1.0000    0.8750    0.9333         8
           6     1.0000    0.6667    0.8000         6
           7     0.8889    1.0000    0.9412         8
           8     1.0000    1.0000    1.0000         7
           9     0.6667    1.0000    0.8000         6
          10     0.8571    1.0000    0.9231         6
          11     0.5000    0.8333    0.6250         6
          12     1.0000    0.5000    0.6667         8
          13     0.7778    0.8750    0.8235         8
          14     1.0000    0.8750    0.9333         8
          15     0.7778    0.8750    0.8235         8
          16     0.8571    1.0000    0.9231         6
          17     1.0000    0.8750    0.9333         8
          18     1.0000    1.0000    1.0000         7
          19     0.8889    1.0000    0.9412         8
          20     0.8750    1.0000    0.9333         7
          21     0.8333    0.8333    0.8333         6
          22     0.7000    0.8750    0.7778         8
          23     1.0000    1.0000    1.0000         8
          24     0.7143    0.8333    0.7692         6
          25     1.0000    0.6667    0.8000         6
          26     0.8750    0.8750    0.8750         8
          27     1.0000    0.5000    0.6667         6
          28     0.8000    0.5714    0.6667         7
          29     0.8750    1.0000    0.9333         7

    accuracy                         0.8673       211
   macro avg     0.8867    0.8637    0.8612       211
weighted avg     0.8895    0.8673    0.8652       211
