Accuracy: 0.8815
Macro Precision: 0.8984
Macro Recall: 0.8817
Macro F1-score: 0.8810

              precision    recall  f1-score   support

           0     0.7500    0.8571    0.8000         7
           1     0.8333    0.8333    0.8333         6
           2     1.0000    0.6667    0.8000         6
           3     1.0000    1.0000    1.0000         7
           4     1.0000    0.5000    0.6667         8
           5     1.0000    0.8750    0.9333         8
           6     0.8333    0.8333    0.8333         6
           7     1.0000    1.0000    1.0000         8
           8     1.0000    1.0000    1.0000         7
           9     1.0000    1.0000    1.0000         6
          10     0.6000    1.0000    0.7500         6
          11     0.8571    1.0000    0.9231         6
          12     0.8750    0.8750    0.8750         8
          13     0.7778    0.8750    0.8235         8
          14     0.7273    1.0000    0.8421         8
          15     0.7778    0.8750    0.8235         8
          16     0.8571    1.0000    0.9231         6
          17     0.7778    0.8750    0.8235         8
          18     1.0000    1.0000    1.0000         7
          19     1.0000    1.0000    1.0000         8
          20     1.0000    1.0000    1.0000         7
          21     1.0000    0.8333    0.9091         6
          22     0.8750    0.8750    0.8750         8
          23     0.7778    0.8750    0.8235         8
          24     1.0000    0.8333    0.9091         6
          25     0.8000    0.6667    0.7273         6
          26     1.0000    0.8750    0.9333         8
          27     1.0000    1.0000    1.0000         6
          28     1.0000    0.7143    0.8333         7
          29     0.8333    0.7143    0.7692         7

    accuracy                         0.8815       211
   macro avg     0.8984    0.8817    0.8810       211
weighted avg     0.8980    0.8815    0.8807       211
