Accuracy: 0.8957
Macro Precision: 0.9138
Macro Recall: 0.8946
Macro F1-score: 0.8941

              precision    recall  f1-score   support

           0     0.7500    0.8571    0.8000         7
           1     0.8571    1.0000    0.9231         6
           2     1.0000    0.6667    0.8000         6
           3     1.0000    1.0000    1.0000         7
           4     1.0000    1.0000    1.0000         8
           5     1.0000    0.8750    0.9333         8
           6     1.0000    0.8333    0.9091         6
           7     1.0000    1.0000    1.0000         8
           8     1.0000    1.0000    1.0000         7
           9     1.0000    1.0000    1.0000         6
          10     0.7500    1.0000    0.8571         6
          11     0.7500    1.0000    0.8571         6
          12     1.0000    0.6250    0.7692         8
          13     1.0000    0.8750    0.9333         8
          14     1.0000    0.8750    0.9333         8
          15     1.0000    0.8750    0.9333         8
          16     0.8571    1.0000    0.9231         6
          17     1.0000    0.7500    0.8571         8
          18     0.7000    1.0000    0.8235         7
          19     1.0000    1.0000    1.0000         8
          20     1.0000    1.0000    1.0000         7
          21     1.0000    0.8333    0.9091         6
          22     0.6154    1.0000    0.7619         8
          23     0.8889    1.0000    0.9412         8
          24     1.0000    0.8333    0.9091         6
          25     0.6667    0.6667    0.6667         6
          26     1.0000    0.7500    0.8571         8
          27     0.8000    0.6667    0.7273         6
          28     1.0000    0.8571    0.9231         7
          29     0.7778    1.0000    0.8750         7

    accuracy                         0.8957       211
   macro avg     0.9138    0.8946    0.8941       211
weighted avg     0.9181    0.8957    0.8967       211
