Accuracy: 0.8673
Macro Precision: 0.8769
Macro Recall: 0.8581
Macro F1-score: 0.8598

              precision    recall  f1-score   support

           0     1.0000    0.8571    0.9231         7
           1     1.0000    1.0000    1.0000         6
           2     0.8000    0.6667    0.7273         6
           3     1.0000    1.0000    1.0000         7
           4     1.0000    1.0000    1.0000         8
           5     1.0000    0.8750    0.9333         8
           6     1.0000    0.5000    0.6667         6
           7     1.0000    1.0000    1.0000         8
           8     0.8750    1.0000    0.9333         7
           9     0.8571    1.0000    0.9231         6
          10     0.6667    1.0000    0.8000         6
          11     0.4444    0.6667    0.5333         6
          12     0.8750    0.8750    0.8750         8
          13     0.8750    0.8750    0.8750         8
          14     0.8750    0.8750    0.8750         8
          15     1.0000    0.8750    0.9333         8
          16     1.0000    1.0000    1.0000         6
          17     1.0000    0.8750    0.9333         8
          18     1.0000    1.0000    1.0000         7
          19     0.8889    1.0000    0.9412         8
          20     1.0000    0.8571    0.9231         7
          21     0.5000    0.6667    0.5714         6
          22     1.0000    0.8750    0.9333         8
          23     0.8889    1.0000    0.9412         8
          24     0.6667    0.6667    0.6667         6
          25     0.6667    0.6667    0.6667         6
          26     1.0000    1.0000    1.0000         8
          27     0.4286    0.5000    0.4615         6
          28     1.0000    0.7143    0.8333         7
          29     1.0000    0.8571    0.9231         7

    accuracy                         0.8673       211
   macro avg     0.8769    0.8581    0.8598       211
weighted avg     0.8888    0.8673    0.8710       211
