Accuracy: 0.8436
Macro Precision: 0.8641
Macro Recall: 0.8450
Macro F1-score: 0.8408

              precision    recall  f1-score   support

           0     0.8571    0.8571    0.8571         7
           1     1.0000    1.0000    1.0000         6
           2     1.0000    0.8333    0.9091         6
           3     0.8750    1.0000    0.9333         7
           4     1.0000    1.0000    1.0000         8
           5     1.0000    0.8750    0.9333         8
           6     1.0000    0.8333    0.9091         6
           7     1.0000    1.0000    1.0000         8
           8     1.0000    0.8571    0.9231         7
           9     0.8571    1.0000    0.9231         6
          10     0.6667    1.0000    0.8000         6
          11     0.5000    0.8333    0.6250         6
          12     0.8000    0.5000    0.6154         8
          13     1.0000    0.8750    0.9333         8
          14     0.6667    0.2500    0.3636         8
          15     1.0000    1.0000    1.0000         8
          16     0.8571    1.0000    0.9231         6
          17     0.7778    0.8750    0.8235         8
          18     0.7778    1.0000    0.8750         7
          19     1.0000    1.0000    1.0000         8
          20     1.0000    1.0000    1.0000         7
          21     1.0000    0.8333    0.9091         6
          22     0.6364    0.8750    0.7368         8
          23     0.5385    0.8750    0.6667         8
          24     0.7143    0.8333    0.7692         6
          25     0.8000    0.6667    0.7273         6
          26     1.0000    0.7500    0.8571         8
          27     0.6000    0.5000    0.5455         6
          28     1.0000    0.7143    0.8333         7
          29     1.0000    0.7143    0.8333         7

    accuracy                         0.8436       211
   macro avg     0.8641    0.8450    0.8408       211
weighted avg     0.8668    0.8436    0.8411       211
