Accuracy: 0.9194
Macro Precision: 0.9314
Macro Recall: 0.9155
Macro F1-score: 0.9177

              precision    recall  f1-score   support

           0     0.7500    0.8571    0.8000         7
           1     1.0000    1.0000    1.0000         6
           2     1.0000    0.6667    0.8000         6
           3     1.0000    1.0000    1.0000         7
           4     1.0000    1.0000    1.0000         8
           5     1.0000    0.8750    0.9333         8
           6     1.0000    0.8333    0.9091         6
           7     1.0000    1.0000    1.0000         8
           8     1.0000    1.0000    1.0000         7
           9     1.0000    1.0000    1.0000         6
          10     1.0000    1.0000    1.0000         6
          11     0.6250    0.8333    0.7143         6
          12     1.0000    0.8750    0.9333         8
          13     1.0000    0.8750    0.9333         8
          14     0.7500    0.7500    0.7500         8
          15     1.0000    1.0000    1.0000         8
          16     1.0000    1.0000    1.0000         6
          17     1.0000    0.8750    0.9333         8
          18     1.0000    1.0000    1.0000         7
          19     1.0000    1.0000    1.0000         8
          20     0.7000    1.0000    0.8235         7
          21     1.0000    0.8333    0.9091         6
          22     1.0000    1.0000    1.0000         8
          23     0.8000    1.0000    0.8889         8
          24     0.8571    1.0000    0.9231         6
          25     1.0000    0.6667    0.8000         6
          26     0.8889    1.0000    0.9412         8
          27     0.5714    0.6667    0.6154         6
          28     1.0000    0.8571    0.9231         7
          29     1.0000    1.0000    1.0000         7

    accuracy                         0.9194       211
   macro avg     0.9314    0.9155    0.9177       211
weighted avg     0.9336    0.9194    0.9211       211
