Accuracy: 0.9194
Macro Precision: 0.9296
Macro Recall: 0.9169
Macro F1-score: 0.9180

              precision    recall  f1-score   support

           0     0.8750    1.0000    0.9333         7
           1     1.0000    1.0000    1.0000         6
           2     1.0000    0.6667    0.8000         6
           3     1.0000    1.0000    1.0000         7
           4     1.0000    1.0000    1.0000         8
           5     1.0000    1.0000    1.0000         8
           6     1.0000    0.8333    0.9091         6
           7     1.0000    1.0000    1.0000         8
           8     1.0000    1.0000    1.0000         7
           9     1.0000    1.0000    1.0000         6
          10     1.0000    1.0000    1.0000         6
          11     0.7500    1.0000    0.8571         6
          12     0.8571    0.7500    0.8000         8
          13     1.0000    0.8750    0.9333         8
          14     1.0000    0.8750    0.9333         8
          15     0.8889    1.0000    0.9412         8
          16     1.0000    1.0000    1.0000         6
          17     0.8750    0.8750    0.8750         8
          18     1.0000    1.0000    1.0000         7
          19     0.8750    0.8750    0.8750         8
          20     0.8750    1.0000    0.9333         7
          21     0.8333    0.8333    0.8333         6
          22     0.7778    0.8750    0.8235         8
          23     0.8000    1.0000    0.8889         8
          24     1.0000    0.8333    0.9091         6
          25     1.0000    0.6667    0.8000         6
          26     1.0000    1.0000    1.0000         8
          27     0.6250    0.8333    0.7143         6
          28     1.0000    0.8571    0.9231         7
          29     0.8571    0.8571    0.8571         7

    accuracy                         0.9194       211
   macro avg     0.9296    0.9169    0.9180       211
weighted avg     0.9293    0.9194    0.9196       211
